0.0 0.0
0.017117023468 7.0
0.0351321697235 23.0
0.0700671672821 39.0
0.0982911586761 46.0
0.132626056671 57.0
0.161123991013 67.0
0.199470996857 74.0
0.228240013123 79.0
0.267082214355 83.0
0.296118021011 83.0
0.331073999405 83.0
0.348074197769 81.0
0.366425991058 78.0
0.395577192307 75.0
0.412631034851 73.0
0.430724143982 65.0
0.466345071793 54.0
0.48858499527 49.0
0.50563120842 42.0
0.529097080231 36.0
0.546066999435 28.0
0.564496994019 12.0
0.586847066879 6.0
0.603524208069 -11.0
0.626978158951 -28.0
0.655258178711 -54.0
0.690172195435 -67.0
0.706723213196 -83.0
0.729157209396 -110.0
0.758290052414 -142.0
0.793728113174 -164.0
0.82262802124 -196.0
0.862189054489 -225.0
0.885898113251 -253.0
0.920291185379 -268.0
0.937188148499 -283.0
0.960724115372 -312.0
0.990756034851 -341.0


0.0 0.0
0.0297269821167 11.0
0.0651428699493 33.0
0.0944578647614 41.0
0.130229949951 58.0
0.158089876175 67.0
0.192230939865 71.0
0.209283828735 75.0
0.227371931076 80.0
0.262825965881 85.0
0.292433977127 85.0
0.327756881714 82.0
0.3507168293 80.0
0.367671012878 79.0
0.3912088871 77.0
0.408301830292 74.0
0.426227807999 67.0
0.46138882637 56.0
0.490424871445 44.0
0.523962974548 37.0
0.541594982147 30.0
0.560029029846 14.0
0.59552693367 -2.0
0.619763851166 -14.0
0.636562824249 -26.0
0.654260873795 -52.0
0.683545827866 -68.0
0.70033288002 -81.0
0.723937034607 -110.0
0.752300977707 -142.0
0.787194013596 -148.0
0.803992033005 -162.0
0.822121858597 -171.0


0.035444021225 10.0
0.0582509040833 18.0
0.0760381221771 30.0
0.0986340045929 36.0
0.115526914597 44.0
0.13329911232 54.0
0.168965101242 64.0
0.191262960434 68.0
0.20831990242 72.0
0.232358932495 78.0
0.255011081696 79.0
0.271816015244 81.0
0.295488119125 81.0
0.334674119949 80.0
0.363346099854 77.0
0.390453100204 72.0
0.425236940384 68.0
0.441926956177 65.0
0.46538901329 54.0
0.488749980927 49.0
0.505857944489 43.0
0.528393030167 34.0
0.545470952988 28.0
0.563488006592 12.0
0.600233078003 -4.0
0.623894929886 -26.0
0.660484075546 -52.0
0.684200048447 -66.0
0.725623130798 -94.0
0.759603977203 -109.0
0.777139902115 -124.0
0.796261072159 -150.0
0.82520198822 -161.0
0.842468976974 -179.0
0.860296964645 -210.0
0.895201921463 -238.0
0.923577070236 -267.0


0.0 0.0
0.0176069736481 9.0
0.0466041564941 17.0
0.063560962677 26.0
0.0816690921783 41.0
0.117402076721 55.0
0.145612001419 65.0
0.179774999619 68.0
0.19721198082 72.0
0.215349197388 78.0
0.244397163391 81.0
0.26170706749 81.0
0.27939414978 83.0
0.313635110855 81.0
0.349343061447 77.0
0.379544019699 73.0
0.414777040482 69.0
0.433430194855 66.0
0.452351093292 55.0
0.482707023621 43.0
0.506590127945 34.0
0.524218082428 27.0
0.542793035507 12.0
0.571902990341 5.0
0.589049100876 -3.0
0.612756967545 -27.0
0.635295152664 -38.0
0.652252197266 -52.0
0.675777196884 -67.0
0.692910194397 -81.0
0.710875034332 -109.0
0.739324092865 -124.0
0.757068157196 -141.0
0.776084184647 -147.0
0.806639194489 -179.0
0.842391014099 -195.0
0.858972072601 -210.0
0.877485990524 -239.0
0.906502962112 -252.0
0.923148155212 -268.0
0.941354990005 -298.0
0.969907045364 -312.0
0.986762046814 -327.0
1.00397706032 -332.0


0.0 0.0
0.0285539627075 5.0
0.0620319843292 14.0
0.079136133194 23.0
0.097393989563 34.0
0.133387088776 50.0
0.156844139099 55.0
0.173606157303 61.0
0.1967420578 68.0
0.226248979568 75.0
0.260653972626 77.0
0.277796030045 79.0
0.295794010162 80.0
0.330023050308 78.0
0.359060049057 76.0
0.380947113037 74.0
0.398369073868 71.0
0.422417163849 64.0
0.461722135544 54.0
0.484863042831 49.0
0.501506090164 41.0
0.525015115738 26.0
0.548504114151 20.0
0.566149950027 11.0
0.589637041092 -5.0
0.623901128769 -17.0
0.640292167664 -28.0
0.658102035522 -55.0
0.691019058228 -83.0
0.720256090164 -111.0
0.755052089691 -126.0
0.772387981415 -143.0
0.790060043335 -165.0
0.818341970444 -182.0
0.835160017014 -197.0
0.854107141495 -213.0

0.0 0.0
0.022794008255 8.0
0.0397310256958 16.0
0.0681090354919 32.0
0.0904660224915 39.0
0.10738992691 46.0
0.131191015244 58.0
0.159516096115 68.0
0.192951917648 70.0
0.209974050522 74.0
0.228172063828 80.0
0.262928962708 84.0
0.284899950027 84.0
0.301505088806 84.0
0.324153900146 84.0
0.34112405777 82.0
0.364754915237 79.0
0.388127088547 76.0
0.405379056931 72.0
0.429574966431 66.0
0.452590942383 60.0
0.470165014267 55.0
0.494108915329 42.0
0.523645877838 29.0
0.55987906456 13.0
0.588587999344 -4.0
0.627696990967 -27.0
0.657303094864 -55.0
0.68128991127 -68.0
0.698674917221 -83.0
0.722336053848 -111.0
0.762435913086 -141.0
0.786989927292 -151.0
0.822402954102 -182.0
0.850765943527 -209.0
0.889440059662 -239.0
0.917367935181 -269.0
0.952660083771 -298.0
0.990879058838 -302.0

0.0 0.0
0.028135061264 15.0
0.0676331520081 32.0
0.090667963028 42.0
0.107697963715 46.0
0.130296945572 57.0
0.165534973145 62.0
0.182682037354 65.0
0.20081615448 71.0
0.223660945892 74.0
0.240694046021 75.0
0.264361143112 79.0
0.287125110626 79.0
0.304528951645 79.0
0.327687978745 74.0
0.361251115799 73.0
0.378518104553 71.0
0.396494150162 65.0
0.431108951569 56.0
0.454074144363 50.0
0.471257925034 46.0
0.494776964188 31.0
0.529395103455 17.0
0.558232069016 1.0
0.591408014297 -9.0
0.608191013336 -20.0
0.625859022141 -44.0
0.658528089523 -59.0
0.675389051437 -74.0
0.693238019943 -102.0
0.728292942047 -132.0
0.751342058182 -148.0
0.768393039703 -154.0
0.791944980621 -169.0
0.808761119843 -187.0
0.826605081558 -216.0
0.85408115387 -231.0
0.888951063156 -260.0

0.0 0.0
0.0403718948364 15.0
0.0629508495331 22.0
0.0795538425446 32.0
0.102154016495 37.0
0.136155843735 44.0
0.15306687355 50.0
0.170965909958 59.0
0.205335855484 68.0
0.228402853012 72.0
0.245011806488 73.0
0.262519836426 76.0
0.279788017273 77.0
0.298576831818 78.0
0.332355976105 77.0
0.366364955902 75.0
0.383173942566 73.0
0.401253938675 68.0
0.436175823212 61.0
0.463583946228 51.0
0.503201007843 38.0
0.53337097168 24.0
0.569005012512 8.0
0.591579914093 -8.0
0.630766868591 -31.0
0.658737897873 -57.0
0.693928003311 -72.0
0.711762905121 -87.0
0.730552911758 -115.0
0.765800952911 -147.0


0.0 0.0
0.0177428722382 7.0
0.0515248775482 25.0
0.0796279907227 41.0
0.113566875458 50.0
0.153481960297 63.0
0.178086996078 66.0
0.194757938385 70.0
0.212538003922 76.0
0.247089862823 81.0
0.281979799271 81.0
0.299835920334 81.0
0.317755937576 80.0
0.352455854416 77.0
0.375081777573 72.0
0.409186840057 65.0
0.449588775635 55.0
0.472179889679 42.0
0.513018846512 28.0
0.546717882156 21.0
0.575634002686 5.0
0.615270853043 -15.0
0.638482809067 -26.0
0.655767917633 -38.0
0.679386854172 -67.0
0.707709789276 -95.0
0.742287874222 -110.0
0.75972700119 -123.0
0.777735948563 -147.0
0.806627988815 -163.0
0.823406934738 -180.0
0.841668844223 -209.0
0.870827913284 -224.0
0.888264894485 -239.0
0.906616926193 -269.0
0.942092895508 -298.0
0.970436811447 -327.0
1.01104998589 -342.0
